              precision    recall  f1-score   support

           0       1.00      0.99      0.99       490
           1       1.00      1.00      1.00       237
           2       1.00      1.00      1.00       199
           3       1.00      1.00      1.00       424
           4       1.00      1.00      1.00       481
           5       1.00      1.00      1.00       331
           6       0.97      1.00      0.98       277
           7       1.00      1.00      1.00       201
           8       1.00      0.99      1.00      1901

    accuracy                           1.00      4541
   macro avg       0.99      1.00      1.00      4541
weighted avg       1.00      1.00      1.00      4541
