              precision    recall  f1-score   support

           0       0.99      0.98      0.99       108
           1       1.00      1.00      1.00       108
           2       1.00      0.99      1.00       108
           3       0.99      0.98      0.98       166
           4       1.00      1.00      1.00       103
           5       1.00      1.00      1.00        96
           6       0.88      0.96      0.92        91
           7       1.00      0.97      0.99       111
           8       0.95      0.91      0.93       104
           9       1.00      1.00      1.00       118
          10       1.00      1.00      1.00       133
          11       1.00      1.00      1.00       124
          12       1.00      1.00      1.00       117
          13       1.00      1.00      1.00       107
          14       0.99      1.00      1.00       238
          15       0.98      1.00      0.99        93
          16       0.99      1.00      0.99        80
          17       1.00      1.00      1.00       157
          18       1.00      1.00      1.00        88
          19       0.97      0.99      0.98        92
          20       0.96      1.00      0.98        97
          21       1.00      1.00      1.00       101
          22       1.00      0.99      0.99       100
          23       0.99      1.00      1.00       216
          24       0.99      0.87      0.93        86
          25       0.98      0.99      0.98       192
          26       1.00      0.91      0.95        87
          27       0.97      0.99      0.98       189
          28       0.96      0.98      0.97       145
          29       0.97      0.94      0.95       144
          30       1.00      1.00      1.00       566
          31       0.96      1.00      0.98       108
          32       0.99      1.00      1.00       168

    accuracy                           0.99      4541
   macro avg       0.99      0.98      0.98      4541
weighted avg       0.99      0.99      0.99      4541
