Crop Classification Report:
              precision    recall  f1-score   support

           0     0.9360    0.9551    0.9455       490
           1     0.9576    0.9536    0.9556       237
           2     0.9550    0.9598    0.9574       199
           3     0.9720    0.9811    0.9765       424
           4     0.9511    0.9709    0.9609       481
           5     0.9646    0.9063    0.9346       331
           6     0.9357    0.9458    0.9408       277
           7     0.9698    0.9602    0.9650       201
           8     0.9789    0.9763    0.9776      1901

    accuracy                         0.9643      4541
   macro avg     0.9579    0.9566    0.9571      4541
weighted avg     0.9644    0.9643    0.9643      4541

Disease Classification Report:
              precision    recall  f1-score   support

           0     0.8889    0.8889    0.8889       108
           1     0.9545    0.9722    0.9633       108
           2     0.9550    0.9815    0.9680       108
           3     0.9645    0.9819    0.9731       166
           4     0.9510    0.9417    0.9463       103
           5     0.9596    0.9896    0.9744        96
           6     0.8617    0.8901    0.8757        91
           7     0.9907    0.9640    0.9772       111
           8     0.8846    0.8846    0.8846       104
           9     0.9916    1.0000    0.9958       118
          10     0.8815    0.8947    0.8881       133
          11     0.9597    0.9597    0.9597       124
          12     0.9407    0.9487    0.9447       117
          13     0.9813    0.9813    0.9813       107
          14     0.9556    0.9034    0.9287       238
          15     0.9787    0.9892    0.9840        93
          16     0.9136    0.9250    0.9193        80
          17     0.9673    0.9427    0.9548       157
          18     0.9425    0.9318    0.9371        88
          19     0.8723    0.8913    0.8817        92
          20     0.9500    0.9794    0.9645        97
          21     0.9796    0.9505    0.9648       101
          22     0.9519    0.9900    0.9706       100
          23     0.9054    0.9306    0.9178       216
          24     0.8592    0.7093    0.7771        86
          25     0.9071    0.8646    0.8853       192
          26     0.9125    0.8391    0.8743        87
          27     0.8768    0.9418    0.9082       189
          28     0.9189    0.9379    0.9283       145
          29     0.8357    0.8125    0.8239       144
          30     0.9841    0.9841    0.9841       566
          31     0.9640    0.9907    0.9772       108
          32     0.9422    0.9702    0.9560       168

    accuracy                         0.9372      4541
   macro avg     0.9328    0.9322    0.9321      4541
weighted avg     0.9372    0.9372    0.9368      4541
